%YAML:1.0
---
K: !!opencv-matrix
   rows: 3
   cols: 3
   dt: d
   data: [ 5122.5995470445432, 0., 2999.7957993511764, 0.,
       5121.0212452317428, 1946.8328623750165, 0., 0., 1. ]
dist: !!opencv-matrix
   rows: 1
   cols: 5
   dt: d
   data: [ 0.015436951209608918, 0.035528212071478861,
       -0.0030815060619296042, -0.00097792461448673322,
       -0.031177470379908701 ]
checkerboard_cols_rows: !!opencv-matrix
   rows: 2
   cols: 1
   dt: i
   data: [ 10, 7 ]
square_size: 19.
